0.08865219346219402,14.811781056798207
t
0.08865219346219402,14.611987200161977
0.10342755903922636,14.412193343525749
0.10342755903922636,14.199912370849754
0.10342755903922636,14.000118514213524
0.10342755903922636,13.800324657577296
0.10342755903922636,13.600530800941065
0.10342755903922636,13.400736944304837
0.1182029246162587,13.200943087668607
0.1182029246162587,13.001149231032379
0.1182029246162587,12.801355374396149
0.1182029246162587,12.601561517759919
0.1182029246162587,12.40176766112369
0.1182029246162587,12.20197380448746
0.1182029246162587,12.002179947851232
0.1182029246162587,11.802386091215002
0.10342755903922636,11.590105118539007
0.10342755903922636,11.390311261902779
0.1182029246162587,11.190517405266549
0.1182029246162587,10.99072354863032
0.1182029246162587,10.79092969199409
0.1182029246162587,10.591135835357862
0.1182029246162587,10.391341978721632
0.1182029246162587,10.191548122085402
0.1182029246162587,9.991754265449174
0.1182029246162587,9.791960408812944
0.1182029246162587,9.592166552176714
0.10342755903922636,9.392372695540486
0.10342755903922636,9.192578838904257
0.1182029246162587,8.992784982268027
0.1182029246162587,8.792991125631797
0.1182029246162587,8.605684385035332
0.10342755903922636,8.405890528399103
0.08865219346219402,8.206096671762875
0.08865219346219402,7.9938156990868805
0.07387682788516169,7.79402184245065
0.07387682788516169,7.594227985814421
0.07387682788516169,7.394434129178192
0.08865219346219402,7.182153156502198
0.10342755903922636,6.994846415905734
0.10342755903922636,6.795052559269504
0.10342755903922636,6.5952587026332745
0.08865219346219402,6.382977729957281
0.08865219346219402,6.183183873321052
0.07387682788516169,5.983390016684822
0.05910146230812935,5.783596160048593
0.05910146230812935,5.583802303412364
0.05910146230812935,5.384008446776134
0.05910146230812935,5.184214590139906
0.04432609673109701,4.99690784954344
0.029550731154064674,4.7846268768674465
0.04432609673109701,4.584833020231217
0.05910146230812935,4.385039163594987
0.07387682788516169,4.185245306958759
0.07387682788516169,3.985451450322529
0.07387682788516169,3.7981447097260643
0.08865219346219402,3.5858637370500706
0.08865219346219402,3.386069880413841
0.08865219346219402,3.1862760237776118
0.08865219346219402,2.986482167141382
0.08865219346219402,2.774201194465389
0.10342755903922636,2.586894453868924
0.10342755903922636,2.387100597232694
0.10342755903922636,2.187306740596465
0.1625290213473557,2.0249742320795288
0.3989348705798731,2.037461348119293
0.6353407198123905,2.037461348119293
0.8865219346219402,2.0499484641590575
1.13770314943149,2.0499484641590575
1.359333633086975,2.0499484641590575
1.5957394823194924,2.0499484641590575
1.8321453315520098,2.0499484641590575
2.068551180784527,2.0499484641590575
2.3049570300170448,2.0499484641590575
2.5265875136725295,2.0499484641590575
2.762993362905047,2.037461348119293
2.9993992121375643,2.0249742320795288
3.2210296957930495,2.012487116039764
3.4574355450255667,2.0
3.6938413942580843,2.0
3.9302472434906015,2.0
4.166653092723119,2.0
4.388283576378604,2.0
4.6099140600340895,2.012487116039764
4.846319909266606,2.012487116039764
5.082725758499124,2.012487116039764
5.3191316077316415,2.0249742320795288
5.555537456964159,2.037461348119293
5.791943306196676,2.037461348119293
6.0135737898521615,2.0499484641590575
6.249979639084678,2.0499484641590575
6.486385488317196,2.037461348119293
6.737566703126745,2.037461348119293
6.988747917936296,2.0499484641590575
7.2399291327458455,2.0499484641590575
7.491110347555395,2.037461348119293
7.742291562364945,2.0499484641590575
7.978697411597462,2.0499484641590575
8.229878626407011,2.0499484641590575
8.46628447563953,2.0624355801988217
8.717465690449078,2.0624355801988217
8.939096174104565,2.0624355801988217
9.175502023337081,2.0499484641590575
9.397132506992566,2.037461348119293
9.648313721802117,2.0249742320795288
9.884719571034633,2.0249742320795288
10.12112542026715,2.0249742320795288
10.342755903922637,2.0249742320795288
10.579161753155153,2.0249742320795288
10.81556760238767,2.037461348119293
11.037198086043157,2.037461348119293
11.273603935275673,2.037461348119293
11.524785150085224,2.037461348119293
11.76119099931774,2.037461348119293
12.01237221412729,2.037461348119293
12.248778063359808,2.037461348119293
12.485183912592325,2.037461348119293
12.70681439624781,2.037461348119293
12.943220245480328,2.037461348119293
13.179626094712845,2.037461348119293
13.416031943945363,2.037461348119293
13.65243779317788,2.037461348119293
13.888843642410396,2.037461348119293
14.125249491642915,2.0249742320795288
14.361655340875432,2.0249742320795288
14.598061190107948,2.037461348119293
14.849242404917499,2.0249742320795288
t
9.086849829874888,5.54634095529307
t
t
8.820893249488305,5.446444026974956
t
t
8.584487400255789,5.209188822219433
t
8.34808155102327,5.021882081622969
8.111675701790753,4.834575341026504
t
7.697965465633848,4.659755716469803
t
7.9343713148663655,4.859549573106032
8.15600179852185,5.021882081622969
8.392407647754368,5.209188822219433
8.614038131409853,5.384008446776134
8.85044398064237,5.5713151873725995
t
9.072074464297856,5.9459286685655295
t
8.835668615065337,5.758621927969065
8.614038131409853,5.5713151873725995
8.392407647754368,5.384008446776134
8.15600179852185,5.209188822219433
7.919595949289333,5.034369197662733
7.697965465633848,4.847062457066269
t
7.225153767168813,4.634781484390274
t
7.46155961640133,4.6472686004300385
7.683190100056815,4.659755716469803
t
7.2399291327458455,4.884523805185561
t
7.476334981978362,5.071830545782026
7.697965465633848,5.2591372863784915
7.919595949289333,5.446444026974956
8.141226432944817,5.633750767571421
8.362856916600302,5.821057508167886
8.59926276583282,6.008364248764351
8.820893249488305,6.2206452214403445
9.04252373314379,6.40795196203681
9.278929582376307,6.5952587026332745
t
9.500560066031793,6.994846415905734
t
9.264154216799275,6.807539675309268
9.04252373314379,6.620232934712804
8.820893249488305,6.445413310156103
8.59926276583282,6.258106569559637
8.392407647754368,6.058312712923408
8.15600179852185,5.871005972326944
7.919595949289333,5.65872499965095
7.71274083121088,5.45893114301472
7.491110347555395,5.271624402418255
7.2547044983228774,5.071830545782026
t
7.003523283513328,4.79711399290721
t
7.225153767168813,4.809601108946975
7.446784250824298,4.822088224986739
7.683190100056815,4.859549573106032
7.9343713148663655,4.884523805185561
8.170777164098883,4.897010921225325
t
8.4071830133314,4.822088224986739
t
8.170777164098883,4.809601108946975
7.9343713148663655,4.7846268768674465
7.683190100056815,4.7846268768674465
7.446784250824298,4.759652644787918
7.195603036014748,4.747165528748154
t
7.195603036014748,4.722191296668624
t
7.432008885247265,4.90949803726509
7.668414734479783,5.071830545782026
7.904820583712301,5.246650170338727
8.111675701790753,5.421469794895428
8.333306185446238,5.596289419452129
8.584487400255789,5.758621927969065
8.85044398064237,5.9459286685655295
t
9.057299098720822,6.070799828963173
t
8.820893249488305,6.0458255968836445
8.59926276583282,6.020851364804115
8.377632282177336,6.008364248764351
8.141226432944817,6.008364248764351
7.919595949289333,5.983390016684822
7.683190100056815,5.970902900645058
7.432008885247265,5.970902900645058
7.210378401591781,5.970902900645058
6.973972552359263,5.958415784605293
6.737566703126745,5.958415784605293
6.515936219471261,5.970902900645058
6.279530370238743,5.958415784605293
t
6.2056535423535815,6.0458255968836445
t
6.442059391586099,6.0458255968836445
t
6.959197186782231,5.983390016684822
t
7.180827670437716,5.995877132724587
7.402458154093201,6.020851364804115
7.638864003325718,6.0458255968836445
7.860494486981203,6.058312712923408
t
8.34808155102327,6.03333848084388
t
8.584487400255789,6.0458255968836445
t
8.820893249488305,6.245619453519874
t
8.569712034678755,6.233132337480109
t
8.318530819869206,6.470387542235631
t
t
8.806117883911273,6.6951556309513895
t
9.04252373314379,6.570284470553746
9.278929582376307,6.632720050752567
t
9.48578470045476,7.232101620661256
t
9.264154216799275,7.04479488006479
9.04252373314379,6.845001023428561
8.820893249488305,6.632720050752567
8.584487400255789,6.4204390780765745
8.362856916600302,6.208158105400581
8.141226432944817,6.020851364804115
7.904820583712301,5.821057508167886
7.668414734479783,5.633750767571421
7.446784250824298,5.45893114301472
7.210378401591781,5.271624402418255
t
6.7227913375497135,5.0593434297422615
t
6.944421821205198,5.246650170338727
7.180827670437716,5.433956910935192
7.4172335196702335,5.621263651531657
7.653639368902751,5.821057508167886
7.890045218135268,6.020851364804115
8.111675701790753,6.2206452214403445
8.34808155102327,6.4204390780765745
8.584487400255789,6.620232934712804
8.820893249488305,6.820026791349033
9.057299098720822,7.019820647985262
9.278929582376307,7.2071273885817275
t
9.574436893916955,7.319511432939606
t
9.323255679107405,7.294537200860077
9.086849829874888,7.294537200860077
8.835668615065337,7.282050084820313
8.59926276583282,7.269562968780549
8.34808155102327,7.269562968780549
8.096900336213722,7.269562968780549
7.860494486981203,7.269562968780549
7.624088637748686,7.24458873670102
7.387682788516169,7.219614504621491
7.151276939283651,7.2071273885817275
6.929646455628166,7.194640272541963
6.693240606395649,7.169666040462434
6.456834757163131,7.15717892442267
6.220428907930614,7.144691808382905
5.984023058698097,7.132204692343141
5.747617209465579,7.119717576303377
t
5.599863553695256,7.019820647985262
t
5.806718671773709,7.2071273885817275
6.0283491554291935,7.3819470131384275
6.249979639084678,7.569253753734893
6.471610122740164,7.7565604943313575
6.7080159719726815,7.943867234927823
6.944421821205198,8.118686859484523
7.180827670437716,8.28101936800146
7.4172335196702335,8.45583899255816
7.638864003325718,8.643145733154626
7.890045218135268,8.842939589790856
8.141226432944817,9.030246330387321
8.377632282177336,9.23004018702355
8.628813496986885,9.429834043659778
8.85044398064237,9.617140784256243
9.086849829874888,9.804447524852709
9.308480313530373,9.97926714940941
9.54488616276289,10.166573890005875
9.781292011995408,10.366367746642103
t
9.781292011995408,10.516213139119275
t
9.530110797185857,10.503726023079512
9.278929582376307,10.491238907039747
9.057299098720822,10.478751790999983
8.820893249488305,10.453777558920454
8.59926276583282,10.453777558920454
8.377632282177336,10.453777558920454
t
8.333306185446238,10.628597183477154
t
8.569712034678755,10.641084299516919
8.820893249488305,10.653571415556684
9.057299098720822,10.678545647636211
t
9.308480313530373,10.765955459914561
t
9.54488616276289,10.778442575954326
9.79606737757244,10.79092969199409
t
9.98814713007386,10.79092969199409
t
9.73696591526431,10.765955459914561
9.500560066031793,10.753468343874799
9.264154216799275,10.753468343874799
9.027748367566758,10.72849411179527
8.791342518334242,10.716006995755505
8.569712034678755,10.691032763675976
8.34808155102327,10.691032763675976
8.111675701790753,10.691032763675976
7.875269852558236,10.678545647636211
7.638864003325718,10.666058531596448
7.402458154093201,10.653571415556684
7.166052304860684,10.641084299516919
6.929646455628166,10.641084299516919
6.7080159719726815,10.628597183477154
6.486385488317196,10.603622951397625
6.249979639084678,10.578648719318098
6.0135737898521615,10.553674487238569
5.762392575042612,10.541187371198804
5.525986725810094,10.516213139119275
5.289580876577577,10.503726023079512
t
5.038399661768027,10.478751790999983
t
5.274805511000545,10.72849411179527
t
5.555537456964159,10.641084299516919
t
t
5.082725758499124,10.653571415556684
t
5.304356242154609,10.666058531596448
5.555537456964159,10.70351987971574
5.791943306196676,10.740981227835034
6.0283491554291935,10.753468343874799
6.264755004661711,10.778442575954326
6.501160853894229,10.79092969199409
6.737566703126745,10.803416808033855
6.973972552359263,10.828391040113384
7.180827670437716,10.840878156153149
7.4172335196702335,10.853365272192912
7.668414734479783,10.865852388232677
7.890045218135268,10.878339504272441
8.141226432944817,10.890826620312206
8.377632282177336,10.90331373635197
8.59926276583282,10.915800852391735
8.835668615065337,10.928287968431498
9.072074464297856,10.940775084471262
9.29370494795334,10.953262200511027
9.530110797185857,10.965749316550792
9.766516646418374,10.965749316550792
t
10.254103710460441,11.115594709027963
t
10.017697861227925,10.940775084471262
9.79606737757244,10.753468343874799
9.559661528339921,10.578648719318098
9.338031044684437,10.403829094761397
9.10162519545192,10.216522354164931
8.85044398064237,10.029215613568466
8.584487400255789,9.841908872972002
8.333306185446238,9.654602132375537
8.111675701790753,9.467295391779071
7.875269852558236,9.29247576722237
7.638864003325718,9.105169026625905
7.387682788516169,8.905375169989677
7.136501573706619,8.718068429393211
6.9000957244741015,8.530761688796748
6.648914509664552,8.343454948200282
6.442059391586099,8.156148207603817
6.220428907930614,7.968841467007351
5.998798424275129,7.781534726410887
t
5.777167940619644,7.656663566013243
t
5.998798424275129,7.669150682053007
6.235204273507646,7.681637798092772
6.471610122740164,7.706612030172301
6.7227913375497135,7.731586262251829
6.944421821205198,7.7565604943313575
7.180827670437716,7.781534726410887
7.4172335196702335,7.79402184245065
7.653639368902751,7.79402184245065
7.890045218135268,7.79402184245065
8.141226432944817,7.806508958490415
8.377632282177336,7.81899607453018
8.628813496986885,7.81899607453018
8.879994711796435,7.831483190569944
9.10162519545192,7.8564574226494726
9.338031044684437,7.8564574226494726
t
9.323255679107405,7.931380118888058
t
9.086849829874888,7.744073378291594
8.835668615065337,7.569253753734893
8.59926276583282,7.3819470131384275
8.377632282177336,7.2071273885817275
8.141226432944817,7.032307764025027
7.904820583712301,6.845001023428561
7.683190100056815,6.645207166792332
7.446784250824298,6.4579004261958675
7.195603036014748,6.245619453519874
6.959197186782231,6.058312712923408
6.737566703126745,5.871005972326944
6.501160853894229,5.683699231730479
t
6.294305735815776,5.596289419452129
t
6.530711585048293,5.608776535491892
t
6.501160853894229,5.483905375094249
t
6.737566703126745,5.65872499965095
6.959197186782231,5.846031740247415
7.195603036014748,6.03333848084388
7.432008885247265,6.2206452214403445
7.668414734479783,6.4204390780765745
7.890045218135268,6.620232934712804
8.111675701790753,6.807539675309268
8.34808155102327,6.994846415905734
8.584487400255789,7.169666040462434
8.806117883911273,7.356972781058899
9.012973001989726,7.556766637695128
t
9.29370494795334,7.556766637695128
t
9.057299098720822,7.356972781058899
8.820893249488305,7.182153156502198
8.584487400255789,6.982359299865969
8.34808155102327,6.770078327189975
8.111675701790753,6.582771586593511
7.890045218135268,6.395464845997045
7.668414734479783,6.208158105400581
7.446784250824298,6.03333848084388
7.225153767168813,5.846031740247415
7.003523283513328,5.65872499965095
6.752342068703778,5.471418259054484
t
6.678465240818617,5.296598634497784
t
6.9000957244741015,5.496392491134014
7.136501573706619,5.683699231730479
7.358132057362104,5.871005972326944
7.609313272171653,6.058312712923408
7.845719121404171,6.233132337480109
8.096900336213722,6.395464845997045
8.34808155102327,6.582771586593511
8.569712034678755,6.78256544322974
8.806117883911273,6.982359299865969
9.04252373314379,7.182153156502198
9.29370494795334,7.3819470131384275
t
9.54488616276289,7.544279521655364
t
9.515335431608825,7.4818439414565425
9.574436893916955,7.282050084820313
9.515335431608825,7.057281996104555
9.574436893916955,6.78256544322974
t
9.559661528339921,6.632720050752567
t
9.308480313530373,6.607745818673039
t
9.057299098720822,6.445413310156103
t
8.806117883911273,6.445413310156103
8.554936669101723,6.432926194116338
8.303755454292174,6.4204390780765745
8.067349605059656,6.40795196203681
7.845719121404171,6.395464845997045
7.624088637748686,6.370490613917517
7.387682788516169,6.370490613917517
7.166052304860684,6.345516381837988
6.944421821205198,6.333029265798224
6.7080159719726815,6.333029265798224
6.486385488317196,6.333029265798224
6.264755004661711,6.3205421497584595
t
6.220428907930614,6.195670989360816
t
6.471610122740164,6.395464845997045
6.7227913375497135,6.5952587026332745
6.959197186782231,6.78256544322974
7.195603036014748,6.957385067786441
7.446784250824298,7.15717892442267
7.683190100056815,7.344485665019135
7.919595949289333,7.5317924056156
8.15600179852185,7.719099146212065
8.4071830133314,7.8939187707687655
8.643588862563917,8.068738395325466
8.879994711796435,8.25604513592193
9.10162519545192,8.418377644438866
9.338031044684437,8.580710152955803
9.559661528339921,8.755529777512503
9.781292011995408,8.942836518108969
t
10.062023957959022,8.967810750188498
t
t
9.589212259493987,8.718068429393211
t
9.367581775838502,8.705581313353447
9.131175926605984,8.705581313353447
8.894770077373467,8.693094197313684
8.65836422814095,8.693094197313684
8.4071830133314,8.68060708127392
8.15600179852185,8.668119965234155
7.919595949289333,8.643145733154626
7.683190100056815,8.630658617114861
7.46155961640133,8.618171501075096
7.225153767168813,8.605684385035332
6.988747917936296,8.593197268995567
6.737566703126745,8.580710152955803
6.501160853894229,8.56822303691604
6.249979639084678,8.54324880483651
6.0135737898521615,8.54324880483651
5.762392575042612,8.54324880483651
t
5.525986725810094,8.56822303691604
t
5.762392575042612,8.368429180279811
6.043124521006226,8.293506484041224
5.969247693121064,8.106199743444758
5.821494037350741,7.806508958490415
5.732841843888547,7.6192022178939505
5.614638919272288,7.369459897098664
5.644189650426353,7.169666040462434
5.969247693121064,6.932410835706912
6.0283491554291935,6.882462371547854
6.264755004661711,6.882462371547854
6.501160853894229,6.982359299865969
t
6.7227913375497135,6.807539675309268
t
6.973972552359263,6.820026791349033
7.195603036014748,6.8325139073887975
7.432008885247265,6.8325139073887975
7.668414734479783,6.857488139468326
7.904820583712301,6.882462371547854
8.126451067367785,6.907436603627383
t
8.451509110062497,6.907436603627383
t
8.185552529675915,6.707642746991154
8.185552529675915,6.507848890354924
8.126451067367785,6.295567917678931
8.141226432944817,6.108261177082466
8.141226432944817,5.908467320446237
8.067349605059656,5.7086734638100065
t
8.170777164098883,5.5338538392533065
t
8.4071830133314,5.471418259054484
t
8.791342518334242,5.646237883611185
t
8.540161303524691,5.633750767571421
t
8.362856916600302,5.8085703921281215
t
8.59926276583282,5.821057508167886
t
8.865219346219403,5.858518856287179
t
t
8.806117883911273,5.471418259054484
t
8.569712034678755,5.471418259054484
8.333306185446238,5.45893114301472
8.111675701790753,5.433956910935192
7.875269852558236,5.408982678855663
7.624088637748686,5.37152133073637
7.387682788516169,5.346547098656842
7.151276939283651,5.334059982617077
6.9000957244741015,5.321572866577313
6.663689875241584,5.309085750537548
6.427284026009067,5.296598634497784
t
6.249979639084678,5.408982678855663
t
t
6.693240606395649,5.221675938259198
t
6.914871090051133,5.234163054298962
7.151276939283651,5.246650170338727
7.387682788516169,5.246650170338727
7.624088637748686,5.2591372863784915
7.860494486981203,5.28411151845802
8.096900336213722,5.296598634497784
t
8.141226432944817,5.7086734638100065
t
7.9343713148663655,5.696186347770243
7.71274083121088,5.683699231730479
7.491110347555395,5.6712121156907145
t
7.210378401591781,5.833544624207651
t
7.46155961640133,5.846031740247415
7.697965465633848,5.846031740247415
7.9343713148663655,5.858518856287179
t
8.170777164098883,5.483905375094249
t
7.919595949289333,5.45893114301472
7.683190100056815,5.446444026974956
7.446784250824298,5.421469794895428
7.225153767168813,5.396495562815899
t
6.663689875241584,5.021882081622969
t
6.914871090051133,5.046856313702497
7.166052304860684,5.071830545782026
7.402458154093201,5.096804777861555
7.624088637748686,5.109291893901319
7.860494486981203,5.121779009941084
8.111675701790753,5.121779009941084
8.362856916600302,5.121779009941084
t
8.59926276583282,5.009394965583205
t
8.362856916600302,4.99690784954344
8.111675701790753,4.984420733503676
7.875269852558236,4.984420733503676
7.638864003325718,4.971933617463911
7.402458154093201,4.971933617463911
7.136501573706619,4.971933617463911
6.8853203588970695,4.946959385384383
t
6.5454869506253255,5.121779009941084
t
6.781892799857843,5.134266125980847
7.003523283513328,5.146753242020612
7.225153767168813,5.1592403580603765
7.46155961640133,5.1592403580603765
7.683190100056815,5.184214590139906
7.904820583712301,5.184214590139906
8.096900336213722,5.171727474100141
8.318530819869206,5.184214590139906
t
8.126451067367785,6.295567917678931
t
7.890045218135268,6.283080801639167
7.638864003325718,6.258106569559637
7.387682788516169,6.245619453519874
7.136501573706619,6.2206452214403445
t
6.8853203588970695,6.395464845997045
t
7.136501573706619,6.40795196203681
7.387682788516169,6.4204390780765745
7.638864003325718,6.4204390780765745
7.860494486981203,6.445413310156103
t
8.141226432944817,6.4204390780765745
t
8.229878626407011,6.295567917678931
8.215103260829979,6.095774061042701
t
9.10162519545192,5.871005972326944
t
8.865219346219403,5.846031740247415
8.643588862563917,5.821057508167886
8.421958378908432,5.8085703921281215
8.170777164098883,5.796083276088357
7.919595949289333,5.771109044008829
7.668414734479783,5.771109044008829
7.4172335196702335,5.771109044008829
7.180827670437716,5.771109044008829
6.959197186782231,5.771109044008829
6.737566703126745,5.758621927969065
6.501160853894229,5.758621927969065
6.279530370238743,5.758621927969065
t
6.0283491554291935,5.7461348119293
t
6.249979639084678,5.933441552525766
6.486385488317196,6.12074829312223
6.7227913375497135,6.3205421497584595
6.959197186782231,6.507848890354924
7.195603036014748,6.682668514911625
7.432008885247265,6.857488139468326
7.683190100056815,7.032307764025027
7.9343713148663655,7.219614504621491
8.170777164098883,7.406921245217957
8.4071830133314,7.594227985814421
8.65836422814095,7.781534726410887
8.894770077373467,7.968841467007351
9.131175926605984,8.168635323643581
t
9.308480313530373,8.143661091564052
t
9.072074464297856,7.968841467007351
8.835668615065337,7.79402184245065
8.59926276583282,7.6192022178939505
8.377632282177336,7.44438259333725
8.126451067367785,7.257075852740784
7.875269852558236,7.057281996104555
7.624088637748686,6.857488139468326
7.387682788516169,6.657694282832097
7.151276939283651,6.470387542235631
6.9000957244741015,6.283080801639167
6.678465240818617,6.108261177082466
6.471610122740164,5.933441552525766
t
6.249979639084678,5.821057508167886
t
6.501160853894229,5.833544624207651
t
6.752342068703778,6.258106569559637
t
t
6.294305735815776,6.333029265798224
t
6.530711585048293,6.532823122434453
6.781892799857843,6.7326169790706825
7.01829864909036,6.919923719667147
7.225153767168813,7.119717576303377
7.446784250824298,7.307024316899842
7.668414734479783,7.494331057496307
7.904820583712301,7.669150682053007
8.126451067367785,7.8564574226494726
8.362856916600302,8.043764163245937
8.59926276583282,8.243558019882167
8.85044398064237,8.43086476047863
9.10162519545192,8.630658617114861
9.338031044684437,8.830452473751091
9.589212259493987,9.005272098307792
9.825618108726504,9.180091722864493
10.076799323536054,9.354911347421194
10.313205172768571,9.529730971977894
t
10.283654441614507,9.717037712574358
t
10.047248592381989,9.529730971977894
9.810842743149472,9.342424231381429
9.574436893916955,9.155117490784964
9.323255679107405,8.967810750188498
9.086849829874888,8.768016893552268
8.835668615065337,8.580710152955803
8.614038131409853,8.405890528399103
8.377632282177336,8.218583787802638
8.126451067367785,8.043764163245937
7.890045218135268,7.8564574226494726
7.653639368902751,7.669150682053007
7.432008885247265,7.4818439414565425
7.195603036014748,7.294537200860077
6.959197186782231,7.1072304602636125
6.737566703126745,6.919923719667147
6.486385488317196,6.720129863030918
t
5.984023058698097,6.557797354513982
t
6.220428907930614,6.745104095110447
6.456834757163131,6.919923719667147
6.693240606395649,7.094743344223848
6.929646455628166,7.294537200860077
7.180827670437716,7.4818439414565425
7.4172335196702335,7.669150682053007
7.638864003325718,7.843970306609708
7.860494486981203,8.01878993116641
8.111675701790753,8.218583787802638
8.34808155102327,8.418377644438866
8.584487400255789,8.618171501075096
8.806117883911273,8.817965357711326
9.04252373314379,9.005272098307792
9.278929582376307,9.180091722864493
9.515335431608825,9.367398463460958
9.751741280841342,9.542218088017657
10.002922495650893,9.717037712574358
t
10.032473226804957,9.829421756932238
t
9.810842743149472,9.804447524852709
t
9.67786445295618,9.804447524852709
t
9.79606737757244,9.604653668216478
t
9.603987625071019,9.155117490784964
t
9.825618108726504,9.130143258705434
t
9.338031044684437,8.505787456717218
t
9.116400561028952,8.48081322463769
8.879994711796435,8.48081322463769
8.65836422814095,8.468326108597925
8.436733744485464,8.45583899255816
8.200327895252947,8.443351876518395
7.963922046020429,8.43086476047863
7.71274083121088,8.418377644438866
7.476334981978362,8.405890528399103
7.225153767168813,8.380916296319574
6.973972552359263,8.368429180279811
6.737566703126745,8.368429180279811
6.501160853894229,8.355942064240047
6.249979639084678,8.355942064240047
6.0135737898521615,8.355942064240047
t
5.791943306196676,8.43086476047863
t
6.043124521006226,8.443351876518395
6.279530370238743,8.443351876518395
6.515936219471261,8.443351876518395
6.737566703126745,8.45583899255816
6.988747917936296,8.45583899255816
7.210378401591781,8.468326108597925
7.46155961640133,8.493300340677454
7.697965465633848,8.530761688796748
7.919595949289333,8.555735920876275
8.15600179852185,8.56822303691604
8.4071830133314,8.580710152955803
8.643588862563917,8.580710152955803
8.879994711796435,8.593197268995567
9.116400561028952,8.605684385035332
t
9.086849829874888,8.031277047206174
t
t
8.879994711796435,7.843970306609708
t
t
9.338031044684437,7.681637798092772
t
9.10162519545192,7.669150682053007
t
8.820893249488305,7.44438259333725
t
9.072074464297856,7.456869709377014
t
9.54488616276289,7.232101620661256
t
9.29370494795334,7.219614504621491
9.057299098720822,7.219614504621491
t
8.673139593717982,7.182153156502198
t
8.436733744485464,7.169666040462434
8.185552529675915,7.144691808382905
7.9343713148663655,7.132204692343141
7.697965465633848,7.119717576303377
7.446784250824298,7.082256228184084
7.210378401591781,7.057281996104555
6.959197186782231,7.019820647985262
6.7080159719726815,6.994846415905734
t
6.57503768177939,6.894949487587619
t
6.530711585048293,6.6951556309513895
6.737566703126745,6.49536177431516
6.752342068703778,6.295567917678931
6.752342068703778,6.108261177082466
6.811443531011907,5.920954436486001
t
6.796668165434875,5.5338538392533065
t
6.5602623162023574,5.471418259054484
6.323856466969841,5.471418259054484
t
6.0283491554291935,5.521366723213542
t
6.264755004661711,5.54634095529307
6.515936219471261,5.558828071332835
6.76711743428081,5.5713151873725995
7.003523283513328,5.5713151873725995
7.2399291327458455,5.583802303412364
7.476334981978362,5.583802303412364
7.697965465633848,5.596289419452129
7.919595949289333,5.596289419452129
8.170777164098883,5.608776535491892
8.421958378908432,5.621263651531657
8.643588862563917,5.633750767571421
8.865219346219403,5.646237883611185
t
9.057299098720822,6.283080801639167
t
8.806117883911273,6.270593685599402
8.554936669101723,6.245619453519874
8.318530819869206,6.233132337480109
8.096900336213722,6.2206452214403445
7.860494486981203,6.208158105400581
7.638864003325718,6.195670989360816
7.432008885247265,6.170696757281288
7.210378401591781,6.158209641241523
6.988747917936296,6.158209641241523
6.737566703126745,6.145722525201759
6.501160853894229,6.133235409161994
6.279530370238743,6.12074829312223
t
5.762392575042612,6.545310238474218
t
5.998798424275129,6.557797354513982
6.220428907930614,6.557797354513982
6.456834757163131,6.570284470553746
6.693240606395649,6.582771586593511
6.944421821205198,6.5952587026332745
7.166052304860684,6.620232934712804
7.402458154093201,6.632720050752567
7.653639368902751,6.645207166792332
7.904820583712301,6.657694282832097
8.141226432944817,6.670181398871861
8.377632282177336,6.682668514911625
8.59926276583282,6.707642746991154
8.835668615065337,6.720129863030918
9.072074464297856,6.720129863030918
9.308480313530373,6.720129863030918
t
9.825618108726504,6.919923719667147
t
9.589212259493987,6.919923719667147
9.367581775838502,6.907436603627383
9.116400561028952,6.894949487587619
8.879994711796435,6.86997525550809
8.65836422814095,6.857488139468326
8.421958378908432,6.845001023428561
8.185552529675915,6.8325139073887975
7.9491466804433975,6.820026791349033
7.71274083121088,6.807539675309268
7.476334981978362,6.807539675309268
7.225153767168813,6.795052559269504
6.988747917936296,6.78256544322974
6.76711743428081,6.78256544322974
6.530711585048293,6.78256544322974
6.294305735815776,6.770078327189975
6.057899886583258,6.757591211150211
5.821494037350741,6.7326169790706825
t
5.614638919272288,6.745104095110447
t
5.8362694029277735,6.620232934712804
6.07267525216029,6.570284470553746
6.309081101392808,6.657694282832097
6.249979639084678,6.432926194116338
6.07267525216029,6.2206452214403445
6.07267525216029,6.020851364804115
6.07267525216029,5.821057508167886
6.07267525216029,5.5713151873725995
6.323856466969841,5.37152133073637
6.5602623162023574,5.071830545782026
6.7080159719726815,4.872036689145797
t
8.909545442950499,5.396495562815899
t
8.628813496986885,5.271624402418255
8.392407647754368,4.897010921225325
8.170777164098883,4.684729948549332
7.9343713148663655,4.62229436835051
7.697965465633848,4.584833020231217
7.446784250824298,4.609807252310746
7.195603036014748,4.659755716469803
6.944421821205198,4.772139760827682
6.7080159719726815,4.971933617463911
6.471610122740164,5.296598634497784
6.2056535423535815,5.346547098656842
6.07267525216029,5.346547098656842
5.954472327544032,5.54634095529307
5.939696961967,5.7461348119293
5.939696961967,5.9459286685655295
5.939696961967,6.133235409161994
5.969247693121064,6.333029265798224
5.747617209465579,6.432926194116338
t
5.644189650426353,6.7326169790706825
t
t
5.732841843888547,6.607745818673039
t
5.984023058698097,6.795052559269504
6.220428907930614,6.9698721838262045
6.456834757163131,7.15717892442267
6.678465240818617,7.344485665019135
6.929646455628166,7.5317924056156
7.166052304860684,7.719099146212065
7.402458154093201,7.90640588680853
7.638864003325718,8.081225511365231
7.860494486981203,8.28101936800146
8.111675701790753,8.45583899255816
8.333306185446238,8.643145733154626
8.569712034678755,8.830452473751091
8.806117883911273,8.992784982268027
9.057299098720822,9.180091722864493
9.29370494795334,9.367398463460958
9.54488616276289,9.554705204057422
9.79606737757244,9.729524828614123
10.062023957959022,9.916831569210586
t
10.209777613729345,10.104138309807052
t
10.283654441614507,9.904344453170824
10.387082000653733,9.592166552176714
10.150676151421216,9.392372695540486
10.150676151421216,9.192578838904257
10.150676151421216,9.005272098307792
t
9.35280641026147,9.042733446427084
t
9.10162519545192,9.005272098307792
8.865219346219403,8.980297866228263
8.614038131409853,8.942836518108969
8.362856916600302,8.91786228602944
8.126451067367785,8.892888053949912
7.890045218135268,8.892888053949912
7.668414734479783,8.880400937910148
7.446784250824298,8.867913821870385
7.210378401591781,8.85542670583062
6.973972552359263,8.830452473751091
6.737566703126745,8.830452473751091
6.501160853894229,8.817965357711326
6.264755004661711,8.805478241671562
6.043124521006226,8.792991125631797
t
5.747617209465579,8.755529777512503
t
5.998798424275129,8.942836518108969
6.249979639084678,9.11765614266567
6.501160853894229,9.304962883262135
6.752342068703778,9.479782507818836
6.988747917936296,9.679576364455066
7.225153767168813,9.854395989011767
7.46155961640133,10.029215613568466
7.697965465633848,10.204035238125167
7.904820583712301,10.391341978721632
8.141226432944817,10.578648719318098
8.392407647754368,10.778442575954326
8.628813496986885,10.965749316550792
8.865219346219403,11.165543173187022
9.086849829874888,11.352849913783485
t
9.131175926605984,11.54015665437995
t
8.894770077373467,11.340362797743722
8.643588862563917,11.153056057147257
8.4071830133314,10.965749316550792
8.15600179852185,10.79092969199409
7.919595949289333,10.61611006743739
7.683190100056815,10.441290442880689
7.46155961640133,10.266470818323988
7.225153767168813,10.091651193767289
7.003523283513328,9.916831569210586
6.781892799857843,9.729524828614123
6.530711585048293,9.542218088017657
6.294305735815776,9.342424231381429
6.057899886583258,9.142630374745199
5.821494037350741,8.955323634148733
t
5.525986725810094,8.68060708127392
t
5.762392575042612,8.693094197313684
6.0135737898521615,8.705581313353447
6.249979639084678,8.730555545432976
6.486385488317196,8.74304266147274
6.737566703126745,8.755529777512503
6.959197186782231,8.768016893552268
7.195603036014748,8.792991125631797
7.446784250824298,8.817965357711326
7.697965465633848,8.842939589790856
7.9343713148663655,8.867913821870385
8.170777164098883,8.880400937910148
8.4071830133314,8.892888053949912
8.628813496986885,8.880400937910148
8.865219346219403,8.880400937910148
9.10162519545192,8.892888053949912
9.323255679107405,8.892888053949912
t
9.278929582376307,9.20506595494402
t
9.057299098720822,9.180091722864493
8.820893249488305,9.167604606824728
8.59926276583282,9.155117490784964
8.362856916600302,9.155117490784964
8.126451067367785,9.142630374745199
7.875269852558236,9.130143258705434
7.638864003325718,9.09268191058614
7.4172335196702335,9.067707678506613
7.180827670437716,9.042733446427084
6.959197186782231,9.030246330387321
6.7227913375497135,9.017759214347556
6.471610122740164,9.017759214347556
6.220428907930614,9.005272098307792
5.984023058698097,8.967810750188498
t
5.555537456964159,8.955323634148733
t
5.806718671773709,9.130143258705434
6.043124521006226,9.304962883262135
6.294305735815776,9.479782507818836
6.530711585048293,9.654602132375537
6.781892799857843,9.841908872972002
7.003523283513328,10.029215613568466
7.2399291327458455,10.24149658624446
7.476334981978362,10.441290442880689
7.71274083121088,10.628597183477154
7.9343713148663655,10.81590392407362
8.170777164098883,10.99072354863032
8.436733744485464,11.165543173187022
8.673139593717982,11.352849913783485
8.924320808527531,11.54015665437995
t
8.820893249488305,11.764924743095708
t
8.584487400255789,11.577618002499245
8.362856916600302,11.390311261902779
8.141226432944817,11.203004521306314
7.904820583712301,11.015697780709848
7.668414734479783,10.81590392407362
7.432008885247265,10.628597183477154
7.210378401591781,10.428803326840924
6.988747917936296,10.229009470204696
6.737566703126745,10.04170272960823
6.501160853894229,9.841908872972002
6.264755004661711,9.654602132375537
6.0283491554291935,9.467295391779071
5.791943306196676,9.279988651182606
t
5.452109897924933,9.105169026625905
t
t
5.762392575042612,9.180091722864493
t
5.984023058698097,9.192578838904257
6.1908781767765495,9.217553070983785
6.412508660432034,9.23004018702355
6.648914509664552,9.23004018702355
6.8853203588970695,9.242527303063314
7.121726208129586,9.255014419103077
7.358132057362104,9.267501535142841
7.609313272171653,9.279988651182606
7.845719121404171,9.29247576722237
8.082124970636688,9.29247576722237
8.318530819869206,9.3174499993019
8.554936669101723,9.329937115341664
8.791342518334242,9.342424231381429
9.04252373314379,9.354911347421194
t
9.338031044684437,9.442321159699542
t
t
9.04252373314379,9.617140784256243
t
t
8.554936669101723,9.642115016335772
t
8.318530819869206,9.617140784256243
t
8.111675701790753,9.791960408812944
t
t
7.609313272171653,9.97926714940941
t
7.845719121404171,9.97926714940941
8.082124970636688,10.004241381488939
8.318530819869206,10.029215613568466
8.554936669101723,10.054189845647995
8.806117883911273,10.06667696168776
9.057299098720822,10.091651193767289
9.308480313530373,10.104138309807052
9.574436893916955,10.129112541886581
9.840393474303536,10.141599657926346
t
10.032473226804957,10.116625425846816
t
9.79606737757244,9.929318685250351
9.574436893916955,9.766986176733415
9.338031044684437,9.592166552176714
9.10162519545192,9.40485981158025
8.85044398064237,9.217553070983785
8.614038131409853,9.030246330387321
8.377632282177336,8.842939589790856
8.15600179852185,8.65563284919439
7.919595949289333,8.468326108597925
7.683190100056815,8.293506484041224
7.446784250824298,8.106199743444758
7.195603036014748,7.918893002848294
6.959197186782231,7.731586262251829
6.7080159719726815,7.544279521655364
6.471610122740164,7.369459897098664
6.235204273507646,7.182153156502198
5.998798424275129,6.982359299865969
t
5.585088188118223,6.845001023428561
t
5.791943306196676,7.019820647985262
6.0135737898521615,7.182153156502198
6.235204273507646,7.356972781058899
6.456834757163131,7.5317924056156
6.678465240818617,7.706612030172301
6.914871090051133,7.8939187707687655
7.166052304860684,8.068738395325466
7.402458154093201,8.243558019882167
7.638864003325718,8.43086476047863
7.875269852558236,8.630658617114861
8.126451067367785,8.830452473751091
8.362856916600302,9.030246330387321
8.584487400255789,9.217553070983785
8.820893249488305,9.40485981158025
9.057299098720822,9.592166552176714
9.29370494795334,9.791960408812944
9.530110797185857,9.97926714940941
9.766516646418374,10.179061006045638
t
10.076799323536054,10.366367746642103
t
9.840393474303536,10.353880630602339
9.589212259493987,10.328906398522811
9.338031044684437,10.291445050403517
9.086849829874888,10.266470818323988
8.835668615065337,10.24149658624446
8.59926276583282,10.229009470204696
8.34808155102327,10.204035238125167
8.111675701790753,10.204035238125167
t
7.579762541017589,10.204035238125167
t
t
7.151276939283651,10.441290442880689
t
7.387682788516169,10.441290442880689
7.638864003325718,10.441290442880689
t
8.096900336213722,10.691032763675976
t
7.860494486981203,10.678545647636211
7.624088637748686,10.666058531596448
7.387682788516169,10.653571415556684
7.136501573706619,10.653571415556684
t
6.693240606395649,10.753468343874799
t
6.929646455628166,10.778442575954326
7.166052304860684,10.79092969199409
7.387682788516169,10.81590392407362
7.624088637748686,10.828391040113384
7.845719121404171,10.840878156153149
8.096900336213722,10.853365272192912
t
8.584487400255789,10.853365272192912
t
8.820893249488305,10.865852388232677
t
9.249378851222243,10.81590392407362
t
9.48578470045476,10.716006995755505
9.722190549687278,10.716006995755505
9.958596398919795,10.516213139119275
9.840393474303536,10.416316210801162
9.98814713007386,10.216522354164931
10.135900785844184,10.016728497528701
10.150676151421216,9.816934640892473
9.943821033342763,9.617140784256243
9.840393474303536,9.442321159699542
9.663089087379149,9.167604606824728
9.574436893916955,8.980297866228263
9.500560066031793,8.65563284919439
9.308480313530373,8.45583899255816
9.190277388914113,8.243558019882167
9.057299098720822,8.043764163245937
9.175502023337081,7.843970306609708
9.264154216799275,7.644176449973479
9.338031044684437,7.431895477297485
9.411907872569598,7.24458873670102
9.234603485645211,7.04479488006479
t
9.79606737757244,7.15717892442267
t
9.54488616276289,7.144691808382905
9.323255679107405,7.132204692343141
9.10162519545192,7.1072304602636125
8.865219346219403,7.1072304602636125
8.628813496986885,7.082256228184084
8.392407647754368,7.06976911214432
8.15600179852185,7.057281996104555
7.904820583712301,7.04479488006479
7.668414734479783,7.032307764025027
7.446784250824298,7.019820647985262
7.210378401591781,7.0073335319454975
6.988747917936296,6.994846415905734
6.737566703126745,6.982359299865969
6.501160853894229,6.982359299865969
6.264755004661711,6.957385067786441
6.0283491554291935,6.944897951746676
5.777167940619644,6.919923719667147
t
5.585088188118223,6.982359299865969
t
t
5.762392575042612,7.194640272541963
t
6.0135737898521615,7.194640272541963
6.235204273507646,7.2071273885817275
t
6.752342068703778,7.2071273885817275
t
6.973972552359263,7.232101620661256
7.195603036014748,7.24458873670102
7.4172335196702335,7.257075852740784
7.653639368902751,7.282050084820313
7.890045218135268,7.282050084820313
8.111675701790753,7.307024316899842
8.333306185446238,7.331998548979371
t
8.569712034678755,7.4818439414565425
t
8.34808155102327,7.469356825416778
8.126451067367785,7.469356825416778
7.904820583712301,7.44438259333725
7.697965465633848,7.44438259333725
7.476334981978362,7.431895477297485
7.2399291327458455,7.41940836125772
7.003523283513328,7.3819470131384275
t
6.7227913375497135,7.644176449973479
t
6.959197186782231,7.656663566013243
7.180827670437716,7.681637798092772
7.4172335196702335,7.694124914132536
7.653639368902751,7.694124914132536
7.890045218135268,7.694124914132536
8.141226432944817,7.719099146212065
8.392407647754368,7.731586262251829
t
8.687914959295014,7.4818439414565425
t
8.687914959295014,7.282050084820313
8.953871539681597,7.057281996104555
t
9.012973001989726,6.919923719667147
t
t
8.46628447563953,6.78256544322974
t
8.525385937947659,6.582771586593511
8.747016421603144,6.370490613917517
8.806117883911273,6.170696757281288
8.806117883911273,5.970902900645058
9.086849829874888,5.7461348119293
8.939096174104565,5.471418259054484
8.614038131409853,5.271624402418255
8.525385937947659,5.071830545782026
t
8.894770077373467,6.12074829312223
t
8.998197636412693,6.3205421497584595
8.732241056026112,6.570284470553746
8.673139593717982,6.78256544322974
8.614038131409853,6.994846415905734
8.436733744485464,6.894949487587619
t
8.082124970636688,6.657694282832097
t
7.845719121404171,6.645207166792332
7.609313272171653,6.620232934712804
7.387682788516169,6.607745818673039
7.166052304860684,6.607745818673039
t
6.82621889658894,6.545310238474218
t
6.840994262165972,6.345516381837988
t
6.1908781767765495,6.657694282832097
t
5.969247693121064,6.632720050752567
t
6.412508660432034,6.507848890354924
t
6.176102811199517,6.382977729957281
6.309081101392808,6.532823122434453
6.3681825637009375,6.720129863030918
6.397733294855002,6.932410835706912
6.3681825637009375,7.194640272541963
6.456834757163131,7.394434129178192
6.456834757163131,7.594227985814421
6.501160853894229,7.806508958490415
6.5602623162023574,8.006302815126645
6.5602623162023574,8.206096671762875
6.515936219471261,8.330967832160518
6.279530370238743,8.330967832160518
t
5.998798424275129,8.206096671762875
t
6.220428907930614,8.380916296319574
6.456834757163131,8.56822303691604
6.678465240818617,8.755529777512503
6.914871090051133,8.942836518108969
7.166052304860684,9.11765614266567
7.4172335196702335,9.304962883262135
7.668414734479783,9.504756739898365
7.904820583712301,9.69206348049483
8.141226432944817,9.879370221091294
8.377632282177336,10.054189845647995
8.614038131409853,10.229009470204696
8.85044398064237,10.416316210801162
9.086849829874888,10.61611006743739
9.323255679107405,10.81590392407362
9.574436893916955,11.015697780709848
9.810842743149472,11.227978753385843
10.047248592381989,11.427772610022071
t
10.209777613729345,11.4527468421016
t
t
10.254103710460441,11.402798377942544
t
10.017697861227925,11.203004521306314
9.766516646418374,11.003210664670085
9.530110797185857,10.81590392407362
9.29370494795334,10.61611006743739
9.04252373314379,10.416316210801162
8.820893249488305,10.229009470204696
8.584487400255789,10.04170272960823
8.333306185446238,9.854395989011767
8.096900336213722,9.667089248415301
7.845719121404171,9.479782507818836
7.624088637748686,9.29247576722237
7.4172335196702335,9.105169026625905
7.180827670437716,8.91786228602944
6.944421821205198,8.718068429393211
6.7227913375497135,8.530761688796748
6.501160853894229,8.343454948200282
6.279530370238743,8.156148207603817
6.043124521006226,7.981328583047116
t
5.806718671773709,7.881431654729001
t
6.043124521006226,7.8939187707687655
6.264755004661711,7.8939187707687655
6.486385488317196,7.8939187707687655
6.693240606395649,7.90640588680853
6.929646455628166,7.931380118888058
7.151276939283651,7.943867234927823
7.387682788516169,7.943867234927823
7.624088637748686,7.956354350967588
7.875269852558236,7.968841467007351
8.111675701790753,7.981328583047116
8.34808155102327,8.006302815126645
8.584487400255789,8.01878993116641
8.806117883911273,8.043764163245937
9.04252373314379,8.056251279285702
9.264154216799275,8.068738395325466
t
9.264154216799275,8.28101936800146
t
9.04252373314379,8.268532251961695
8.820893249488305,8.25604513592193
8.59926276583282,8.243558019882167
8.362856916600302,8.231070903842403
8.111675701790753,8.206096671762875
7.890045218135268,8.19360955572311
7.653639368902751,8.19360955572311
7.4172335196702335,8.181122439683346
7.195603036014748,8.181122439683346
6.973972552359263,8.168635323643581
6.752342068703778,8.168635323643581
6.515936219471261,8.143661091564052
6.279530370238743,8.131173975524288
6.043124521006226,8.118686859484523
t
6.0135737898521615,7.806508958490415
t
6.235204273507646,7.81899607453018
t
6.619363778510487,7.868944538689237
t
6.619363778510487,7.681637798092772
t
6.486385488317196,7.606715101854186
t
6.235204273507646,7.569253753734893
t
5.732841843888547,7.44438259333725
t
5.969247693121064,7.644176449973479
6.2056535423535815,7.831483190569944
6.427284026009067,8.01878993116641
6.648914509664552,8.206096671762875
6.8853203588970695,8.393403412359339
7.121726208129586,8.580710152955803
7.372907422939137,8.768016893552268
7.609313272171653,8.955323634148733
7.845719121404171,9.142630374745199
8.096900336213722,9.3174499993019
8.34808155102327,9.4922696238586
8.59926276583282,9.679576364455066
8.865219346219403,9.866883105051532
9.131175926605984,10.054189845647995
9.367581775838502,10.216522354164931
9.603987625071019,10.391341978721632
9.840393474303536,10.566161603278333
10.076799323536054,10.740981227835034
t
10.23932834488341,11.227978753385843
t
10.017697861227925,11.215491637346078
9.79606737757244,11.215491637346078
9.574436893916955,11.215491637346078
t
9.589212259493987,11.352849913783485
t
9.338031044684437,11.165543173187022
9.10162519545192,10.978236432590556
8.865219346219403,10.778442575954326
8.628813496986885,10.591135835357862
8.392407647754368,10.403829094761397
8.15600179852185,10.216522354164931
7.890045218135268,10.016728497528701
7.638864003325718,9.829421756932238
7.402458154093201,9.642115016335772
7.166052304860684,9.442321159699542
6.929646455628166,9.255014419103077
6.693240606395649,9.080194794546376
6.471610122740164,8.905375169989677
6.235204273507646,8.718068429393211
t
5.984023058698097,8.43086476047863
t
6.235204273507646,8.618171501075096
6.471610122740164,8.817965357711326
6.7227913375497135,8.992784982268027
6.973972552359263,9.180091722864493
7.210378401591781,9.342424231381429
7.446784250824298,9.529730971977894
7.683190100056815,9.717037712574358
7.919595949289333,9.891857337131059
8.170777164098883,10.079164077727524
8.392407647754368,10.278957934363753
8.628813496986885,10.466264674960218
8.85044398064237,10.641084299516919
9.072074464297856,10.81590392407362
9.323255679107405,11.015697780709848
9.559661528339921,11.215491637346078
9.79606737757244,11.415285493982308
10.032473226804957,11.615079350618537
t
10.224552979306377,11.702489162896887
t
t
9.914270302188699,11.814873207254767
t
9.79606737757244,11.615079350618537
9.973371764496827,11.814873207254767
t
10.165451516998248,11.73995051101618
t
10.298429807191539,11.54015665437995
10.342755903922637,11.340362797743722
10.342755903922637,11.140568941107492
10.224552979306377,10.940775084471262
9.85516883988057,10.740981227835034
10.002922495650893,10.52870025515904
10.032473226804957,10.303932166443282
t
10.49050955969296,10.04170272960823
t
10.254103710460441,10.04170272960823
10.017697861227925,10.029215613568466
9.79606737757244,10.004241381488939
9.559661528339921,9.991754265449174
9.323255679107405,9.97926714940941
9.072074464297856,9.966780033369645
8.820893249488305,9.95429291732988
8.584487400255789,9.941805801290116
8.362856916600302,9.916831569210586
8.111675701790753,9.904344453170824
7.875269852558236,9.891857337131059
7.638864003325718,9.879370221091294
7.4172335196702335,9.879370221091294
7.180827670437716,9.866883105051532
6.959197186782231,9.854395989011767
6.7080159719726815,9.854395989011767
6.471610122740164,9.841908872972002
6.220428907930614,9.829421756932238
5.984023058698097,9.816934640892473
5.762392575042612,9.804447524852709
5.525986725810094,9.766986176733415
5.304356242154609,9.742011944653887
5.082725758499124,9.729524828614123
t
4.831544543689574,9.542218088017657
t
5.082725758499124,9.742011944653887
5.3191316077316415,9.95429291732988
5.555537456964159,10.15408677396611
5.791943306196676,10.328906398522811
6.0283491554291935,10.516213139119275
6.249979639084678,10.691032763675976
6.501160853894229,10.865852388232677
6.752342068703778,11.040672012789377
6.988747917936296,11.227978753385843
7.225153767168813,11.415285493982308
7.46155961640133,11.627566466658301
7.697965465633848,11.814873207254767
7.919595949289333,11.989692831811467
t
8.333306185446238,12.164512456368168
t
8.096900336213722,12.164512456368168
7.845719121404171,12.152025340328404
7.624088637748686,12.13953822428864
7.402458154093201,12.127051108248875
7.180827670437716,12.11456399220911
6.944421821205198,12.102076876169345
t
6.678465240818617,11.977205715771703
t
6.456834757163131,11.789898975175237
6.220428907930614,11.577618002499245
5.984023058698097,11.377824145863014
5.732841843888547,11.190517405266549
5.4964359946560295,11.003210664670085
5.260030145423512,10.81590392407362
t
5.082725758499124,10.778442575954326
t
5.304356242154609,10.79092969199409
5.555537456964159,10.79092969199409
t
5.984023058698097,10.828391040113384
t
6.220428907930614,10.840878156153149
t
6.471610122740164,11.015697780709848
t
6.7080159719726815,11.028184896749613
6.944421821205198,11.028184896749613
7.166052304860684,11.040672012789377
7.402458154093201,11.053159128829142
7.624088637748686,11.078133360908671
7.875269852558236,11.090620476948436
8.141226432944817,11.115594709027963
8.392407647754368,11.140568941107492
t
8.554936669101723,11.215491637346078
t
8.46628447563953,11.015697780709848
8.229878626407011,10.803416808033855
7.993472777174494,10.603622951397625
7.801393024673074,10.403829094761397
t
7.476334981978362,10.116625425846816
t
7.2399291327458455,10.104138309807052
7.003523283513328,10.091651193767289
6.76711743428081,10.06667696168776
6.5454869506253255,10.054189845647995
6.309081101392808,10.029215613568466
6.057899886583258,10.004241381488939
5.821494037350741,9.991754265449174
5.585088188118223,9.97926714940941
t
5.555537456964159,9.891857337131059
t
5.791943306196676,10.029215613568466
t
6.0135737898521615,9.841908872972002
t
t
6.353407198123905,9.916831569210586
t
6.057899886583258,9.717037712574358
6.1908781767765495,9.75449906069365
6.412508660432034,9.929318685250351
6.648914509664552,9.866883105051532
6.8853203588970695,9.916831569210586
7.121726208129586,9.991754265449174
7.343356691785072,9.866883105051532
7.579762541017589,9.941805801290116
7.816168390250106,9.866883105051532
8.037798873905592,9.891857337131059
8.274204723138109,10.06667696168776
8.510610572370627,10.016728497528701
8.732241056026112,9.916831569210586
8.953871539681597,10.06667696168776
9.190277388914113,10.029215613568466
9.426683238146632,9.854395989011767
9.633538356225085,9.804447524852709
9.781292011995408,9.51724385593813
t
10.254103710460441,9.20506595494402
t
10.032473226804957,9.192578838904257
9.810842743149472,9.180091722864493
9.589212259493987,9.155117490784964
9.35280641026147,9.155117490784964
9.10162519545192,9.130143258705434
8.865219346219403,9.11765614266567
8.628813496986885,9.105169026625905
8.377632282177336,9.105169026625905
8.141226432944817,9.09268191058614
7.904820583712301,9.080194794546376
7.683190100056815,9.067707678506613
7.446784250824298,9.055220562466848
7.210378401591781,9.042733446427084
6.959197186782231,9.030246330387321
6.7227913375497135,9.017759214347556
6.486385488317196,8.992784982268027
6.249979639084678,8.967810750188498
5.998798424275129,8.942836518108969
5.777167940619644,8.91786228602944
5.555537456964159,8.91786228602944
5.3191316077316415,8.905375169989677
5.082725758499124,8.905375169989677
t
5.038399661768027,8.905375169989677
t
5.274805511000545,9.09268191058614
5.525986725810094,9.279988651182606
5.777167940619644,9.454808275739307
6.043124521006226,9.642115016335772
6.279530370238743,9.829421756932238
6.515936219471261,10.016728497528701
6.737566703126745,10.204035238125167
6.973972552359263,10.403829094761397
7.210378401591781,10.603622951397625
7.446784250824298,10.803416808033855
7.668414734479783,11.003210664670085
7.890045218135268,11.190517405266549
8.111675701790753,11.390311261902779
8.333306185446238,11.590105118539007
t
8.65836422814095,11.814873207254767
t
8.998197636412693,11.602592234578772
9.057299098720822,11.402798377942544
9.145951292183018,11.377824145863014
8.998197636412693,11.053159128829142
9.057299098720822,10.840878156153149
9.264154216799275,10.641084299516919
t
9.869944205457601,10.72849411179527
t
t
9.574436893916955,11.552643770419715
t
9.338031044684437,11.36533702982325
9.10162519545192,11.190517405266549
8.879994711796435,11.015697780709848
8.643588862563917,10.828391040113384
8.392407647754368,10.641084299516919
8.170777164098883,10.441290442880689
7.9343713148663655,10.253983702284225
7.71274083121088,10.079164077727524
7.476334981978362,9.891857337131059
7.2547044983228774,9.704550596534594
7.003523283513328,9.51724385593813
6.752342068703778,9.3174499993019
6.501160853894229,9.11765614266567
6.235204273507646,8.942836518108969
5.984023058698097,8.768016893552268
t
5.4816606290789975,8.605684385035332
t
5.718066478311514,8.618171501075096
5.969247693121064,8.618171501075096
6.220428907930614,8.643145733154626
6.456834757163131,8.668119965234155
6.693240606395649,8.693094197313684
6.944421821205198,8.705581313353447
7.210378401591781,8.718068429393211
7.446784250824298,8.74304266147274
7.697965465633848,8.755529777512503
7.9343713148663655,8.768016893552268
8.170777164098883,8.780504009592033
8.392407647754368,8.780504009592033
8.628813496986885,8.780504009592033
8.85044398064237,8.792991125631797
9.072074464297856,8.792991125631797
9.308480313530373,8.792991125631797
t
9.323255679107405,9.592166552176714
t
9.10162519545192,9.57967943613695
8.879994711796435,9.57967943613695
8.628813496986885,9.567192320097186
8.392407647754368,9.554705204057422
8.170777164098883,9.542218088017657
7.919595949289333,9.542218088017657
7.683190100056815,9.51724385593813
7.476334981978362,9.504756739898365
7.2547044983228774,9.504756739898365
7.01829864909036,9.504756739898365
6.76711743428081,9.479782507818836
6.530711585048293,9.467295391779071
6.294305735815776,9.442321159699542
6.057899886583258,9.417346927620013
5.821494037350741,9.379885579500721
t
5.585088188118223,9.654602132375537
t
5.363457704462738,9.642115016335772
t
5.112276489653189,9.804447524852709
t
5.363457704462738,9.816934640892473
t
5.777167940619644,10.016728497528701
t
5.555537456964159,9.816934640892473
5.422559166770868,9.629627900296008
5.1566025863842855,9.467295391779071
5.038399661768027,9.267501535142841
5.24525477984648,9.279988651182606
5.304356242154609,9.080194794546376
5.18615331753835,8.955323634148733
t
5.378233070039771,8.830452473751091
t
5.4373345323479,8.618171501075096
5.570312822541191,8.43086476047863
5.8362694029277735,8.218583787802638
5.777167940619644,8.01878993116641
5.6737403815804175,7.81899607453018
5.555537456964159,7.6192022178939505
5.466885263501965,7.406921245217957
5.466885263501965,7.194640272541963
5.452109897924933,6.994846415905734
5.407783801193835,6.795052559269504
5.466885263501965,6.5952587026332745
t
5.747617209465579,7.2071273885817275
t
5.984023058698097,7.082256228184084
t
6.486385488317196,7.41940836125772
t
6.235204273507646,7.406921245217957
5.998798424275129,7.394434129178192
t
5.4964359946560295,7.356972781058899
t
5.747617209465579,7.369459897098664
5.998798424275129,7.3819470131384275
6.249979639084678,7.394434129178192
6.501160853894229,7.394434129178192
6.737566703126745,7.406921245217957
6.973972552359263,7.431895477297485
7.195603036014748,7.431895477297485
7.432008885247265,7.431895477297485
7.668414734479783,7.44438259333725
7.904820583712301,7.469356825416778
8.141226432944817,7.494331057496307
8.362856916600302,7.506818173536071
8.614038131409853,7.519305289575835
8.865219346219403,7.5317924056156
9.10162519545192,7.5317924056156
9.338031044684437,7.544279521655364
9.559661528339921,7.556766637695128
t
9.589212259493987,7.744073378291594
t
9.367581775838502,7.719099146212065
9.145951292183018,7.706612030172301
8.909545442950499,7.694124914132536
8.65836422814095,7.681637798092772
8.421958378908432,7.681637798092772
8.185552529675915,7.681637798092772
7.9491466804433975,7.669150682053007
7.71274083121088,7.669150682053007
7.46155961640133,7.644176449973479
7.210378401591781,7.631689333933714
6.973972552359263,7.6192022178939505
6.737566703126745,7.606715101854186
6.486385488317196,7.5817408697746576
6.249979639084678,7.569253753734893
5.998798424275129,7.569253753734893
5.762392575042612,7.569253753734893
t
6.249979639084678,8.043764163245937
t
t
6.737566703126745,8.031277047206174
t
6.973972552359263,8.031277047206174
7.195603036014748,8.043764163245937
7.432008885247265,8.043764163245937
7.683190100056815,8.056251279285702
7.9491466804433975,8.068738395325466
8.185552529675915,8.081225511365231
t
8.392407647754368,7.931380118888058
t
8.126451067367785,7.918893002848294
7.875269852558236,7.8939187707687655
7.624088637748686,7.8939187707687655
7.387682788516169,7.881431654729001
7.166052304860684,7.881431654729001
6.929646455628166,7.868944538689237
t
6.7080159719726815,8.206096671762875
t
6.959197186782231,8.218583787802638
7.210378401591781,8.206096671762875
7.46155961640133,8.218583787802638
7.727516196787913,8.243558019882167
7.978697411597462,8.25604513592193
8.200327895252947,8.268532251961695
t
8.46628447563953,8.318480716120753
t
8.702690324872046,8.343454948200282
8.939096174104565,8.330967832160518
9.205052754491145,8.355942064240047
t
8.879994711796435,8.25604513592193
t
t
8.510610572370627,8.305993600080988
t
8.481059841216561,8.093712627404994
8.481059841216561,7.8939187707687655
8.540161303524691,7.706612030172301
8.614038131409853,7.506818173536071
8.643588862563917,7.307024316899842
8.687914959295014,7.119717576303377
8.776567152757208,6.845001023428561
8.687914959295014,6.520336006394689
8.747016421603144,6.4204390780765745
9.027748367566758,6.470387542235631
9.116400561028952,6.370490613917517
t
8.98342227083566,6.295567917678931
t
8.98342227083566,6.095774061042701
8.998197636412693,5.908467320446237
8.879994711796435,5.7086734638100065
t
6.442059391586099,8.25604513592193
t
t
4.846319909266606,8.992784982268027
t
5.112276489653189,9.180091722864493
5.348682338885706,9.342424231381429
5.585088188118223,9.51724385593813
5.821494037350741,9.69206348049483
6.057899886583258,9.866883105051532
6.294305735815776,10.054189845647995
6.530711585048293,10.24149658624446
6.76711743428081,10.428803326840924
6.988747917936296,10.603622951397625
7.195603036014748,10.778442575954326
7.4172335196702335,10.965749316550792
7.653639368902751,11.165543173187022
7.875269852558236,11.377824145863014
8.111675701790753,11.577618002499245
8.333306185446238,11.764924743095708
t
8.436733744485464,11.827360323294531
t
t
8.170777164098883,11.939744367652409
t
7.9343713148663655,11.752437627055945
7.683190100056815,11.56513088645948
7.446784250824298,11.390311261902779
7.195603036014748,11.215491637346078
6.929646455628166,11.028184896749613
6.7080159719726815,10.853365272192912
6.486385488317196,10.666058531596448
6.249979639084678,10.478751790999983
5.998798424275129,10.303932166443282
5.762392575042612,10.129112541886581
5.525986725810094,9.929318685250351
5.274805511000545,9.729524828614123
5.038399661768027,9.542218088017657
t
4.6246894256111215,9.279988651182606
t
4.861095274843639,9.329937115341664
5.053175027345059,9.155117490784964
t
5.023624296190994,9.392372695540486
t
t
4.846319909266606,9.142630374745199
t
5.082725758499124,9.329937115341664
5.304356242154609,9.504756739898365
5.540762091387126,9.679576364455066
5.762392575042612,9.866883105051532
5.998798424275129,10.04170272960823
6.235204273507646,10.24149658624446
6.471610122740164,10.441290442880689
6.7080159719726815,10.628597183477154
6.944421821205198,10.81590392407362
7.180827670437716,11.003210664670085
7.4172335196702335,11.190517405266549
7.638864003325718,11.390311261902779
7.875269852558236,11.56513088645948
8.126451067367785,11.73995051101618
t
8.362856916600302,12.02715417993076
t
8.096900336213722,12.064615528050053
t
7.9343713148663655,12.077102644089818
t
7.697965465633848,12.064615528050053
7.446784250824298,12.039641295970524
t
7.180827670437716,12.152025340328404
t
6.959197186782231,11.964718599731938
6.7227913375497135,11.777411859135473
6.471610122740164,11.590105118539007
6.235204273507646,11.402798377942544
5.984023058698097,11.203004521306314
5.762392575042612,11.015697780709848
5.525986725810094,10.81590392407362
5.304356242154609,10.628597183477154
t
5.038399661768027,10.204035238125167
t
5.289580876577577,10.216522354164931
5.540762091387126,10.216522354164931
5.777167940619644,10.229009470204696
5.998798424275129,10.24149658624446
6.249979639084678,10.266470818323988
6.486385488317196,10.291445050403517
6.7227913375497135,10.316419282483047
6.959197186782231,10.341393514562576
t
6.944421821205198,10.466264674960218
t
6.7227913375497135,10.466264674960218
6.486385488317196,10.466264674960218
6.264755004661711,10.453777558920454
6.0283491554291935,10.441290442880689
5.791943306196676,10.441290442880689
5.570312822541191,10.416316210801162
t
5.097501124076157,10.104138309807052
t
5.3339069733086735,10.291445050403517
5.570312822541191,10.478751790999983
5.806718671773709,10.666058531596448
6.043124521006226,10.853365272192912
6.279530370238743,11.053159128829142
6.515936219471261,11.240465869425607
6.737566703126745,11.427772610022071
6.959197186782231,11.615079350618537
7.195603036014748,11.814873207254767
7.446784250824298,12.014667063890995
t
7.919595949289333,12.214460920527225
t
7.668414734479783,12.014667063890995
7.4172335196702335,11.827360323294531
7.180827670437716,11.640053582698066
6.944421821205198,11.440259726061836
6.7080159719726815,11.252952985465372
6.471610122740164,11.065646244868907
6.235204273507646,10.890826620312206
6.0135737898521615,10.716006995755505
5.791943306196676,10.541187371198804
5.555537456964159,10.341393514562576
5.304356242154609,10.141599657926346
5.067950392922092,9.941805801290116
t
4.875870640420671,9.941805801290116
t
5.097501124076157,9.95429291732988
5.304356242154609,9.966780033369645
5.525986725810094,9.97926714940941
5.777167940619644,9.991754265449174
5.998798424275129,9.991754265449174
6.220428907930614,10.004241381488939
6.456834757163131,10.004241381488939
6.693240606395649,10.004241381488939
6.914871090051133,10.016728497528701
7.151276939283651,10.04170272960823
7.387682788516169,10.054189845647995
7.609313272171653,10.079164077727524
7.845719121404171,10.104138309807052
8.096900336213722,10.129112541886581
8.333306185446238,10.141599657926346
8.569712034678755,10.15408677396611
8.806117883911273,10.15408677396611
9.057299098720822,10.166573890005875
9.308480313530373,10.179061006045638
9.54488616276289,10.204035238125167
9.766516646418374,10.216522354164931
10.002922495650893,10.229009470204696
10.224552979306377,10.229009470204696
t
10.268879076037475,10.391341978721632
t
10.032473226804957,10.391341978721632
9.810842743149472,10.378854862681868
9.574436893916955,10.378854862681868
9.323255679107405,10.353880630602339
9.086849829874888,10.353880630602339
8.835668615065337,10.341393514562576
8.584487400255789,10.316419282483047
8.333306185446238,10.291445050403517
8.096900336213722,10.266470818323988
7.875269852558236,10.253983702284225
7.653639368902751,10.229009470204696
7.432008885247265,10.216522354164931
7.180827670437716,10.216522354164931
6.959197186782231,10.191548122085402
6.7227913375497135,10.179061006045638
6.486385488317196,10.179061006045638
6.249979639084678,10.179061006045638
6.0283491554291935,10.179061006045638
5.791943306196676,10.166573890005875
5.540762091387126,10.166573890005875
5.304356242154609,10.15408677396611
5.053175027345059,10.15408677396611
t
4.816769178112542,10.06667696168776
t
5.038399661768027,10.253983702284225
5.289580876577577,10.441290442880689
5.540762091387126,10.641084299516919
5.762392575042612,10.828391040113384
5.998798424275129,11.015697780709848
6.235204273507646,11.215491637346078
6.471610122740164,11.390311261902779
6.7080159719726815,11.577618002499245
6.959197186782231,11.752437627055945
7.195603036014748,11.927257251612644
t
7.210378401591781,11.777411859135473
t
7.446784250824298,11.789898975175237
7.668414734479783,11.802386091215002
t
7.9491466804433975,11.902283019533117
t
7.9491466804433975,11.702489162896887
7.9343713148663655,11.515182422300422
8.082124970636688,11.265440101505135
t
8.540161303524691,11.203004521306314
t
8.776567152757208,11.215491637346078
t
8.85044398064237,11.003210664670085
t
9.10162519545192,11.015697780709848
9.338031044684437,11.040672012789377
9.574436893916955,11.053159128829142
9.810842743149472,11.053159128829142
10.047248592381989,11.053159128829142
t
9.086849829874888,11.465233958141365
t
8.865219346219403,11.4527468421016
8.643588862563917,11.440259726061836
8.421958378908432,11.440259726061836
t
8.200327895252947,11.615079350618537
t
8.421958378908432,11.640053582698066
8.65836422814095,11.640053582698066
t
8.894770077373467,12.039641295970524
t
8.65836422814095,12.002179947851232
8.421958378908432,12.002179947851232
8.185552529675915,11.977205715771703
7.9343713148663655,11.964718599731938
7.683190100056815,11.964718599731938
7.432008885247265,11.964718599731938
7.180827670437716,11.977205715771703
6.929646455628166,11.952231483692174
6.693240606395649,11.939744367652409
6.456834757163131,11.939744367652409
6.220428907930614,11.927257251612644
t
6.264755004661711,11.914770135572882
t
5.969247693121064,11.727463394976416
6.057899886583258,11.802386091215002
6.323856466969841,11.927257251612644
6.57503768177939,12.039641295970524
t
6.914871090051133,11.939744367652409
t
6.914871090051133,11.73995051101618
t
7.210378401591781,11.615079350618537
t
7.432008885247265,11.627566466658301
7.668414734479783,11.65254069873783
t
7.875269852558236,11.227978753385843
t
7.638864003325718,11.215491637346078
7.4172335196702335,11.203004521306314
t
7.225153767168813,11.402798377942544
t
7.46155961640133,11.427772610022071
7.683190100056815,11.440259726061836
t
8.377632282177336,10.99072354863032
t
8.15600179852185,10.79092969199409
7.919595949289333,10.591135835357862
7.71274083121088,10.378854862681868
7.46155961640133,10.179061006045638
7.225153767168813,10.179061006045638
7.047849380244425,10.378854862681868
6.811443531011907,10.578648719318098
6.589813047356422,10.765955459914561
6.353407198123905,10.953262200511027
6.249979639084678,11.153056057147257
t
6.3829579292779695,11.290414333584664
t
6.619363778510487,11.290414333584664
t
7.003523283513328,11.65254069873783
t
6.76711743428081,11.65254069873783
6.530711585048293,11.65254069873783
t
6.0283491554291935,11.415285493982308
t
6.264755004661711,11.427772610022071
6.501160853894229,11.440259726061836
6.7227913375497135,11.4527468421016
t
6.693240606395649,11.352849913783485
t
6.456834757163131,11.352849913783485
t
6.249979639084678,11.203004521306314
t
t
5.895370865235902,11.252952985465372
t
t
5.998798424275129,11.028184896749613
t
t
6.309081101392808,11.140568941107492
t
6.530711585048293,10.953262200511027
6.76711743428081,10.753468343874799
6.988747917936296,10.566161603278333
t
7.003523283513328,9.891857337131059
t
t
6.7227913375497135,9.77947329277318
t
t
6.914871090051133,9.629627900296008
t
t
7.993472777174494,9.841908872972002
t
t
8.835668615065337,9.916831569210586
t
9.072074464297856,9.879370221091294
t
8.939096174104565,10.04170272960823
t
8.924320808527531,9.841908872972002
9.219828120068179,9.642115016335772
9.633538356225085,9.567192320097186
9.338031044684437,9.442321159699542
9.338031044684437,9.242527303063314
9.219828120068179,9.055220562466848
9.426683238146632,8.867913821870385
t
10.313205172768571,9.379885579500721
t
10.076799323536054,9.367398463460958
9.840393474303536,9.329937115341664
9.603987625071019,9.329937115341664
9.367581775838502,9.304962883262135
9.116400561028952,9.29247576722237
8.865219346219403,9.29247576722237
8.614038131409853,9.29247576722237
8.362856916600302,9.304962883262135
8.111675701790753,9.279988651182606
7.875269852558236,9.267501535142841
7.638864003325718,9.267501535142841
7.402458154093201,9.255014419103077
7.180827670437716,9.242527303063314
6.944421821205198,9.242527303063314
6.7080159719726815,9.23004018702355
6.471610122740164,9.217553070983785
6.235204273507646,9.20506595494402
5.984023058698097,9.180091722864493
5.762392575042612,9.167604606824728
5.525986725810094,9.142630374745199
5.289580876577577,9.130143258705434
5.053175027345059,9.105169026625905
t
4.580363328880025,9.304962883262135
t
4.816769178112542,9.3174499993019
5.053175027345059,9.329937115341664
5.304356242154609,9.342424231381429
5.540762091387126,9.342424231381429
5.762392575042612,9.354911347421194
6.0283491554291935,9.354911347421194
6.264755004661711,9.367398463460958
6.515936219471261,9.379885579500721
6.752342068703778,9.392372695540486
6.988747917936296,9.40485981158025
7.225153767168813,9.417346927620013
7.446784250824298,9.429834043659778
7.683190100056815,9.442321159699542
7.919595949289333,9.454808275739307
8.15600179852185,9.454808275739307
8.392407647754368,9.479782507818836
8.628813496986885,9.4922696238586
8.85044398064237,9.504756739898365
9.072074464297856,9.51724385593813
9.308480313530373,9.51724385593813
9.54488616276289,9.542218088017657
9.79606737757244,9.567192320097186
10.047248592381989,9.604653668216478
t
10.387082000653733,9.642115016335772
t
t
9.323255679107405,11.877308787453588
t
9.072074464297856,11.877308787453588
8.835668615065337,11.864821671413823
8.614038131409853,11.852334555374059
8.377632282177336,11.827360323294531
8.141226432944817,11.827360323294531
7.904820583712301,11.814873207254767
7.668414734479783,11.802386091215002
7.4172335196702335,11.789898975175237
7.180827670437716,11.777411859135473
6.929646455628166,11.777411859135473
6.7080159719726815,11.764924743095708
6.501160853894229,11.752437627055945
6.264755004661711,11.73995051101618
6.0283491554291935,11.727463394976416
t
5.8362694029277735,11.602592234578772
t
5.599863553695256,11.415285493982308
5.348682338885706,11.227978753385843
5.112276489653189,11.028184896749613
t
4.8019938125355095,10.90331373635197
t
5.038399661768027,10.90331373635197
5.274805511000545,10.915800852391735
5.4964359946560295,10.915800852391735
5.732841843888547,10.928287968431498
5.984023058698097,10.953262200511027
6.235204273507646,10.953262200511027
6.486385488317196,10.953262200511027
6.7227913375497135,10.965749316550792
6.959197186782231,10.965749316550792
7.195603036014748,10.978236432590556
7.4172335196702335,10.99072354863032
7.653639368902751,11.003210664670085
7.890045218135268,11.028184896749613
8.141226432944817,11.053159128829142
8.362856916600302,11.078133360908671
8.59926276583282,11.103107592988199
8.835668615065337,11.115594709027963
9.072074464297856,11.115594709027963
9.308480313530373,11.115594709027963
9.559661528339921,11.128081825067728
9.79606737757244,11.140568941107492
10.047248592381989,11.140568941107492
t
10.298429807191539,10.566161603278333
t
10.047248592381989,10.553674487238569
9.79606737757244,10.566161603278333
9.54488616276289,10.553674487238569
9.323255679107405,10.52870025515904
9.086849829874888,10.516213139119275
8.865219346219403,10.503726023079512
8.628813496986885,10.503726023079512
8.377632282177336,10.491238907039747
8.141226432944817,10.466264674960218
7.904820583712301,10.441290442880689
7.653639368902751,10.428803326840924
7.4172335196702335,10.416316210801162
7.180827670437716,10.416316210801162
6.944421821205198,10.391341978721632
6.7080159719726815,10.378854862681868
6.471610122740164,10.366367746642103
6.220428907930614,10.366367746642103
5.984023058698097,10.366367746642103
5.747617209465579,10.366367746642103
5.5112113602330615,10.366367746642103
5.274805511000545,10.353880630602339
5.053175027345059,10.341393514562576
t
5.038399661768027,10.828391040113384
t
5.274805511000545,11.028184896749613
5.525986725810094,11.215491637346078
5.777167940619644,11.415285493982308
6.0135737898521615,11.602592234578772
6.264755004661711,11.777411859135473
t
6.323856466969841,12.102076876169345
t
5.969247693121064,11.902283019533117
5.747617209465579,11.702489162896887
5.777167940619644,11.4527468421016
5.8510447685048055,11.240465869425607
5.8510447685048055,11.040672012789377
t
6.0283491554291935,10.628597183477154
t
6.249979639084678,10.641084299516919
6.471610122740164,10.653571415556684
t
5.762392575042612,11.015697780709848
t
5.525986725810094,11.015697780709848
5.289580876577577,11.003210664670085
5.038399661768027,10.978236432590556
t
4.861095274843639,11.003210664670085
t
5.112276489653189,11.190517405266549
t
5.3339069733086735,11.56513088645948
t
5.097501124076157,11.377824145863014
t
4.816769178112542,11.178030289226784
t
5.053175027345059,11.190517405266549
5.289580876577577,11.215491637346078
5.5112113602330615,11.227978753385843
t
5.023624296190994,11.552643770419715
t
t
4.816769178112542,11.402798377942544
t
5.053175027345059,11.427772610022071
t
5.038399661768027,11.702489162896887
t
t
4.861095274843639,11.789898975175237
t
4.654240156765186,11.590105118539007
4.595138694457057,11.402798377942544
4.506486500994863,11.203004521306314
4.595138694457057,10.99072354863032
4.816769178112542,10.79092969199409
4.934972102728801,10.591135835357862
4.831544543689574,10.403829094761397
4.74289235022738,10.204035238125167
4.683790887919251,10.004241381488939
4.74289235022738,9.804447524852709
4.6246894256111215,9.604653668216478
4.536037232148928,9.392372695540486
4.728116984650348,9.192578838904257
4.713341619073316,8.992784982268027
4.713341619073316,8.792991125631797
4.861095274843639,8.768016893552268
5.082725758499124,8.792991125631797
5.1566025863842855,8.91786228602944
t
4.6099140600340895,9.504756739898365
t
4.846319909266606,9.529730971977894
5.067950392922092,9.554705204057422
5.289580876577577,9.567192320097186
5.5112113602330615,9.567192320097186
5.747617209465579,9.57967943613695
5.998798424275129,9.57967943613695
6.235204273507646,9.567192320097186
6.471610122740164,9.567192320097186
6.693240606395649,9.567192320097186
6.929646455628166,9.57967943613695
7.166052304860684,9.592166552176714
7.402458154093201,9.629627900296008
7.653639368902751,9.642115016335772
7.904820583712301,9.642115016335772
8.141226432944817,9.654602132375537
8.362856916600302,9.667089248415301
8.59926276583282,9.69206348049483
8.820893249488305,9.717037712574358
9.057299098720822,9.75449906069365
9.308480313530373,9.766986176733415
9.54488616276289,9.77947329277318
9.781292011995408,9.77947329277318
10.002922495650893,9.791960408812944
t
10.460958828538894,11.390311261902779
t
10.224552979306377,11.377824145863014
9.973371764496827,11.36533702982325
9.73696591526431,11.352849913783485
9.500560066031793,11.340362797743722
9.264154216799275,11.315388565664193
9.027748367566758,11.315388565664193
8.791342518334242,11.302901449624429
8.540161303524691,11.290414333584664
8.303755454292174,11.2779272175449
8.067349605059656,11.265440101505135
7.830943755827139,11.252952985465372
7.5945379065946215,11.252952985465372
7.372907422939137,11.240465869425607
7.166052304860684,11.215491637346078
6.944421821205198,11.203004521306314
6.693240606395649,11.190517405266549
6.471610122740164,11.190517405266549
6.249979639084678,11.190517405266549
6.0283491554291935,11.190517405266549
5.806718671773709,11.190517405266549
5.585088188118223,11.190517405266549
5.363457704462738,11.203004521306314
5.127051855230221,11.190517405266549
4.890646005997704,11.178030289226784
t
4.595138694457057,11.315388565664193
t
4.831544543689574,11.340362797743722
5.082725758499124,11.352849913783485
5.3339069733086735,11.352849913783485
5.570312822541191,11.352849913783485
5.806718671773709,11.36533702982325
6.043124521006226,11.36533702982325
6.279530370238743,11.402798377942544
6.501160853894229,11.415285493982308
6.737566703126745,11.427772610022071
6.973972552359263,11.440259726061836
7.210378401591781,11.4527468421016
7.446784250824298,11.465233958141365
7.683190100056815,11.47772107418113
7.890045218135268,11.490208190220894
8.111675701790753,11.502695306260659
8.362856916600302,11.502695306260659
8.59926276583282,11.515182422300422
8.85044398064237,11.527669538340186
9.086849829874888,11.54015665437995
9.323255679107405,11.552643770419715
9.559661528339921,11.552643770419715
9.79606737757244,11.577618002499245
10.017697861227925,11.590105118539007
10.254103710460441,11.602592234578772
t
10.534835656424056,11.814873207254767
t
10.298429807191539,11.789898975175237
10.076799323536054,11.777411859135473
9.840393474303536,11.764924743095708
9.603987625071019,11.752437627055945
9.367581775838502,11.73995051101618
9.131175926605984,11.727463394976416
8.894770077373467,11.727463394976416
8.643588862563917,11.714976278936652
8.4071830133314,11.702489162896887
8.185552529675915,11.702489162896887
7.9491466804433975,11.702489162896887
7.71274083121088,11.690002046857122
7.476334981978362,11.677514930817358
7.2399291327458455,11.65254069873783
7.003523283513328,11.640053582698066
6.76711743428081,11.627566466658301
6.515936219471261,11.615079350618537
6.279530370238743,11.602592234578772
6.0283491554291935,11.590105118539007
5.806718671773709,11.590105118539007
5.570312822541191,11.577618002499245
5.3191316077316415,11.56513088645948
5.082725758499124,11.552643770419715
4.831544543689574,11.552643770419715
t
4.654240156765186,11.640053582698066
t
4.890646005997704,11.789898975175237
5.127051855230221,11.702489162896887
5.378233070039771,11.552643770419715
5.614638919272288,11.56513088645948
5.8510447685048055,11.764924743095708
6.087450617737323,11.914770135572882
6.309081101392808,12.077102644089818
6.5454869506253255,12.13953822428864
6.781892799857843,12.22694803656699
7.033074014667393,12.251922268646519
7.2547044983228774,12.276896500726046
7.491110347555395,12.264409384686282
7.727516196787913,12.264409384686282
7.963922046020429,12.214460920527225
8.185552529675915,12.20197380448746
8.436733744485464,12.127051108248875
8.687914959295014,12.064615528050053
8.939096174104565,11.939744367652409
9.175502023337081,11.752437627055945
9.411907872569598,11.627566466658301
t
9.308480313530373,11.577618002499245
t
8.85044398064237,11.877308787453588
t
7.9343713148663655,12.13953822428864
t
7.904820583712301,11.927257251612644
7.904820583712301,11.73995051101618
7.904820583712301,11.527669538340186
7.890045218135268,11.315388565664193
8.170777164098883,11.36533702982325
8.4071830133314,11.352849913783485
t
6.988747917936296,11.54015665437995
t
6.988747917936296,11.73995051101618
t
5.171377951961318,11.54015665437995
t
t
4.713341619073316,10.978236432590556
t
4.949747468305833,10.803416808033855
5.1566025863842855,10.653571415556684
5.038399661768027,10.453777558920454
4.949747468305833,10.253983702284225
5.038399661768027,10.04170272960823
4.949747468305833,9.854395989011767
4.831544543689574,9.654602132375537
4.905421371574736,9.504756739898365
4.846319909266606,9.23004018702355
4.875870640420671,9.030246330387321
t
4.6246894256111215,9.629627900296008
t
4.8019938125355095,10.054189845647995
5.097501124076157,10.129112541886581
t
